adj
0-> 
1-> 15 54 4 -23 
2-> 9 22 14 -19 23 40 
3-> 23 42 
4-> 13 0 14 26 20 45 
5-> 14 -45 8 -49 3 49 
6-> 22 -19 19 100 
7-> 2 -50 13 -26 
8-> 14 3 3 11 21 -18 
9-> 19 -15 
10-> 21 31 3 -16 
11-> 23 93 13 67 
12-> 21 51 
13-> 21 99 4 -47 
14-> 4 7 
15-> 10 60 
16-> 22 89 23 -10 
17-> 3 69 8 56 20 46 
18-> 6 10 20 56 19 8 
19-> 13 88 25 79 23 86 
20-> 4 71 18 -40 
21-> 23 86 
22-> 21 -30 6 -22 
23-> 6 -29 
24-> 11 29 12 66 
25-> 24 26 11 4 
---------------
13 24 21 11 22 14 19 20 
YES
13 21 23 6 22 21 